beat_threshold: 0.639000 
val_Fbeta_measure: 0.939313 
val_Gbeta_measure: 0.794340 
Geometric Mean: 0.866826