beat_threshold: 0.467000 
val_Fbeta_measure: 0.940678 
val_Gbeta_measure: 0.816927 
Geometric Mean: 0.878803